version https://git-lfs.github.com/spec/v1
oid sha256:ca591d3c37a0e03bb9e6ce4b677c584e9be0e977878d4858505177f7c60b44fa
size 238
