version https://git-lfs.github.com/spec/v1
oid sha256:fbe689d2bba6d3cec537c392281ac94d5919cdc197381195c6c3bb5b31507f74
size 205
