version https://git-lfs.github.com/spec/v1
oid sha256:a9b4a391934f883a3c605150a89511ba09181584602ae79e871bbcb7559d0a89
size 245
